# Direct test of price-stability lemma
# Measure ||v_fwd - v_rev||_inf  on the same ITU instance.
# If the price-stability lemma holds, this should scale as O(N * eps).

 kappa    N       eps    ||v_f-v_r||_inf   norm/eps   norm/(N*eps)     CS_fwd     CS_rev
     1   20   1.0e-01         8.1576e+00      81.58         4.0788   0.00e+00   0.00e+00
     1   20   1.0e-02         8.4652e+00     846.52        42.3260   0.00e+00   0.00e+00
     1   20   1.0e-03         8.5019e+00    8501.95       425.0973   0.00e+00   0.00e+00
     1   20   1.0e-04         8.5055e+00   85055.42      4252.7709   0.00e+00   0.00e+00
     1   20   1.0e-05         8.5059e+00  850594.85     42529.7427   0.00e+00   0.00e+00

     1   50   1.0e-01         8.6504e+00      86.50         1.7301   0.00e+00   0.00e+00
     1   50   1.0e-02         8.6267e+00     862.67        17.2534   0.00e+00   0.00e+00
     1   50   1.0e-03         8.6249e+00    8624.86       172.4973   0.00e+00   0.00e+00
     1   50   1.0e-04         8.6413e+00   86412.83      1728.2565   0.00e+00   0.00e+00
     1   50   1.0e-05         8.6418e+00  864180.33     17283.6065   0.00e+00   0.00e+00

     1  100   1.0e-01         9.2620e+00      92.62         0.9262   0.00e+00   0.00e+00
     1  100   1.0e-02         9.2880e+00     928.80         9.2880   0.00e+00   0.00e+00
     1  100   1.0e-03         9.3424e+00    9342.41        93.4241   0.00e+00   0.00e+00
     1  100   1.0e-04         9.3276e+00   93275.81       932.7581   0.00e+00   0.00e+00
     1  100   1.0e-05         9.3279e+00  932792.04      9327.9204   0.00e+00   0.00e+00

    10   20   1.0e-01         3.1202e+00      31.20         1.5601   0.00e+00   0.00e+00
    10   20   1.0e-02         3.0279e+00     302.79        15.1396   0.00e+00   0.00e+00
    10   20   1.0e-03         3.0400e+00    3039.99       151.9995   0.00e+00   0.00e+00
    10   20   1.0e-04         3.0417e+00   30416.50      1520.8251   0.00e+00   0.00e+00
    10   20   1.0e-05         3.0420e+00  304200.48     15210.0238   0.00e+00   0.00e+00

    10   50   1.0e-01         5.7047e+00      57.05         1.1409   0.00e+00   0.00e+00
    10   50   1.0e-02         5.7949e+00     579.49        11.5898   0.00e+00   0.00e+00
    10   50   1.0e-03         5.9362e+00    5936.22       118.7244   0.00e+00   0.00e+00
    10   50   1.0e-04         5.9203e+00   59203.41      1184.0682   0.00e+00   0.00e+00
    10   50   1.0e-05         5.9126e+00  591263.07     11825.2614   0.00e+00   0.00e+00

    10  100   1.0e-01         6.7079e+00      67.08         0.6708   0.00e+00   0.00e+00
    10  100   1.0e-02         6.8569e+00     685.69         6.8569   0.00e+00   0.00e+00
    10  100   1.0e-03         6.8785e+00    6878.47        68.7847   0.00e+00   0.00e+00
    10  100   1.0e-04         6.8854e+00   68853.58       688.5358   0.00e+00   0.00e+00
    10  100   1.0e-05         6.8868e+00  688675.53      6886.7553   0.00e+00   0.00e+00

   100   20   1.0e-01         1.1020e+00      11.02         0.5510   0.00e+00   0.00e+00
   100   20   1.0e-02         9.9592e-01      99.59         4.9796   0.00e+00   0.00e+00
   100   20   1.0e-03         9.9898e-01     998.98        49.9492   0.00e+00   0.00e+00
   100   20   1.0e-04         9.9982e-01    9998.16       499.9081   0.00e+00   0.00e+00
   100   20   1.0e-05         9.9990e-01   99989.97      4999.4984   0.00e+00   0.00e+00

   100   50   1.0e-01         2.3327e+00      23.33         0.4665   0.00e+00   0.00e+00
   100   50   1.0e-02         2.5527e+00     255.27         5.1055   0.00e+00   0.00e+00
   100   50   1.0e-03         2.5633e+00    2563.35        51.2669   0.00e+00   0.00e+00
   100   50   1.0e-04         2.5645e+00   25644.66       512.8932   0.00e+00   0.00e+00
   100   50   1.0e-05         2.5646e+00  256456.51      5129.1302   0.00e+00   0.00e+00

   100  100   1.0e-01         4.3482e+00      43.48         0.4348   0.00e+00   0.00e+00
   100  100   1.0e-02         4.5429e+00     454.29         4.5429   0.00e+00   0.00e+00
   100  100   1.0e-03         4.5878e+00    4587.78        45.8778   0.00e+00   0.00e+00
   100  100   1.0e-04         4.5885e+00   45885.40       458.8540   0.00e+00   0.00e+00
   100  100   1.0e-05         4.5907e+00  459067.21      4590.6721   0.00e+00   0.00e+00

  1000   20   1.0e-01         2.3278e-01       2.33         0.1164   0.00e+00   0.00e+00
  1000   20   1.0e-02         1.4001e-01      14.00         0.7000   0.00e+00   0.00e+00
  1000   20   1.0e-03         1.1027e-01     110.27         5.5134   0.00e+00   0.00e+00
  1000   20   1.0e-04         1.0876e-01    1087.55        54.3777   0.00e+00   0.00e+00
  1000   20   1.0e-05         1.0877e-01   10876.79       543.8394   0.00e+00   0.00e+00

  1000   50   1.0e-01         6.6831e-01       6.68         0.1337   0.00e+00   0.00e+00
  1000   50   1.0e-02         4.3233e-01      43.23         0.8647   0.00e+00   0.00e+00
  1000   50   1.0e-03         4.3572e-01     435.72         8.7143   0.00e+00   0.00e+00
  1000   50   1.0e-04         4.3607e-01    4360.66        87.2132   0.00e+00   0.00e+00
  1000   50   1.0e-05         4.3610e-01   43610.09       872.2018   0.00e+00   0.00e+00

  1000  100   1.0e-01         1.6815e+00      16.82         0.1682   0.00e+00   0.00e+00
  1000  100   1.0e-02         1.5521e+00     155.21         1.5521   0.00e+00   0.00e+00
  1000  100   1.0e-03         1.5707e+00    1570.75        15.7075   0.00e+00   0.00e+00
  1000  100   1.0e-04         1.5695e+00   15695.23       156.9523   0.00e+00   0.00e+00
  1000  100   1.0e-05         1.5698e+00  156981.74      1569.8174   0.00e+00   0.00e+00


# Scaling analysis: is ||v_fwd-v_rev||_inf <= C * N * eps for some C uniform in kappa?
# Equivalently, does ratio / (N*eps) stay bounded as eps -> 0 and as kappa grows?

 kappa    N    max ratio/(N*eps)     mean ratio/(N*eps)
     1   20           42529.7427              9450.8031
     1   50           17283.6065              3840.6688
     1  100            9327.9204              2072.8633
    10   20           15210.0238              3379.9096
    10   50           11825.2614              2628.1569
    10  100            6886.7553              1530.3207
   100   20            4999.4984              1110.9773
   100   50            5129.1302              1139.7725
   100  100            4590.6721              1020.0763
  1000   20             543.8394               120.9094
  1000   50             872.2018               193.8255
  1000  100            1569.8174               348.8395
